
 b
  1  2  3  4
 A
  7.10000 -0.60000 -2.10000 -1.00000
 -0.60000  5.30000 -2.80000 -2.80000
 -2.10000 -2.80000  7.20000  5.10000
 -1.00000 -2.80000  5.10000  7.40000
 Норма матрицы=17.20000
 Метод простой итерации
                        |   Норма  |  Оценка    |
 Itr    |  tau |  q     |  невязки |Погрешности |  x[1]    x[2]     x[3]    x[4]
  1   | 0.1047 |  0.419 |9.5555556 |0.5813953 |  0.10465  0.20930  0.31395  0.41860 
  2   | 0.1047 |  0.751 |5.7368856 |0.1041644 |  0.25749  0.52374  0.25226  0.41775 
  3   | 0.1047 |  0.448 |2.0549404 |0.1735711 |  0.30286  0.65505  0.36323  0.55862 
  4   | 0.1047 |  0.959 |1.6340276 |0.0057481 |  0.36190  0.79017  0.36385  0.57439 
  5   | 0.1047 |  0.508 |0.7641916 |0.0664355 |  0.38734  0.85885  0.40815  0.62339 
  6   | 0.1047 |  0.867 |0.6193566 |0.0091595 |  0.41305  0.91838  0.41864  0.63359 
  7   | 0.1047 |  0.574 |0.3429269 |0.0253407 |  0.42677  0.95257  0.43887  0.65043 
  8   | 0.1047 |  0.788 |0.2628992 |0.0072363 |  0.43865  0.97951  0.44791  0.65488 
  9   | 0.1047 |  0.620 |0.1601742 |0.0102501 |  0.44585  0.99621  0.45827  0.66020 
 10   | 0.1047 |  0.748 |0.1182618 |0.0042151 |  0.45158  1.00870  0.46446  0.66152 
 11   | 0.1047 |  0.650 |0.0762974 |0.0043650 |  0.45533  1.01682  0.47019  0.66277 
 12   | 0.1047 |  0.727 |0.0551291 |0.0022185 |  0.45820  1.02272  0.47415  0.66276 
 13   | 0.1047 |  0.672 |0.0368822 |0.0019376 |  0.46018  1.02668  0.47748  0.66268 
 14   | 0.1047 |  0.717 |0.0263866 |0.0011198 |  0.46166  1.02952  0.47994  0.66225 
 15   | 0.1047 |  0.702 |0.0184893 |0.0008471 |  0.46271  1.03148  0.48194  0.66183 
 16   | 0.1047 |  0.763 |0.0140817 |0.0004737 |  0.46350  1.03287  0.48346  0.66135 
 17   | 0.1047 |  0.797 |0.0112097 |0.0003093 |  0.46407  1.03385  0.48467  0.66092 
 18   | 0.1047 |  0.775 |0.0086856 |0.0002725 |  0.46451  1.03455  0.48562  0.66052 
 19   | 0.1047 |  0.791 |0.0068691 |0.0001963 |  0.46483  1.03505  0.48636  0.66018 
 20   | 0.1047 |  0.782 |0.0053688 |0.0001623 |  0.46507  1.03541  0.48694  0.65989 
 21   | 0.1047 |  0.789 |0.0042364 |0.0001226 |  0.46525  1.03567  0.48740  0.65964 
 22   | 0.1047 |  0.785 |0.0033263 |0.0000986 |  0.46539  1.03586  0.48776  0.65944 
 23   | 0.1047 |  0.789 |0.0026235 |0.0000761 |  0.46549  1.03600  0.48805  0.65927 
 24   | 0.1047 |  0.787 |0.0020650 |0.0000605 |  0.46557  1.03610  0.48827  0.65913 
 25   | 0.1047 |  0.789 |0.0016291 |0.0000473 |  0.46563  1.03618  0.48845  0.65902 
 26   | 0.1047 |  0.788 |0.0012842 |0.0000374 |  0.46568  1.03623  0.48859  0.65893 
 27   | 0.1047 |  0.789 |0.0010135 |0.0000294 |  0.46572  1.03628  0.48870  0.65885 
 28   | 0.1047 |  0.789 |0.0007996 |0.0000232 |  0.46575  1.03631  0.48878  0.65879 
 29   | 0.1047 |  0.790 |0.0006313 |0.0000183 |  0.46577  1.03633  0.48885  0.65875 
 30   | 0.1047 |  0.789 |0.0004984 |0.0000144 |  0.46579  1.03635  0.48890  0.65871 
 31   | 0.1047 |  0.790 |0.0003936 |0.0000114 |  0.46580  1.03636  0.48895  0.65868 
 32   | 0.1047 |  0.790 |0.0003109 |0.0000090 |  0.46581  1.03637  0.48898  0.65865 
 33   | 0.1047 |  0.790 |0.0002456 |0.0000071 |  0.46582  1.03638  0.48901  0.65864 
 34   | 0.1047 |  0.790 |0.0001940 |0.0000056 |  0.46583  1.03639  0.48903  0.65862 
 35   | 0.1047 |  0.790 |0.0001533 |0.0000044 |  0.46583  1.03639  0.48905  0.65861 
 36   | 0.1047 |  0.790 |0.0001211 |0.0000035 |  0.46584  1.03640  0.48906  0.65860 
 37   | 0.1047 |  0.790 |0.0000957 |0.0000028 |  0.46584  1.03640  0.48907  0.65859 

 Метод наискорейшего спуска
                        |   Норма  |  Оценка    |
 Itr    |  tau |  q     |  невязки |Погрешности |  x[1]    x[2]     x[3]    x[4]
  1   | 0.1290 |  0.516 |7.7500000 |0.4838710 |  0.12903  0.25806  0.38710  0.51613 
  2   | 0.1010 |  0.634 |5.5353088 |0.1890935 |  0.28734  0.58510  0.24312  0.42102 
  3   | 0.1293 |  0.621 |2.2256796 |0.1239941 |  0.31870  0.70548  0.41692  0.62406 
  4   | 0.1012 |  0.681 |1.6200049 |0.0647652 |  0.38548  0.84376  0.36230  0.57851 
  5   | 0.1297 |  0.581 |0.6920838 |0.0579399 |  0.39958  0.89482  0.44183  0.65884 
  6   | 0.1015 |  0.732 |0.6072514 |0.0215587 |  0.42867  0.95360  0.42187  0.63614 
  7   | 0.1305 |  0.640 |0.2958600 |0.0211344 |  0.43528  0.97520  0.45951  0.66742 
  8   | 0.1021 |  0.673 |0.2479103 |0.0123201 |  0.44825  1.00052  0.45260  0.65552 
  9   | 0.1317 |  0.733 |0.1395805 |0.0067659 |  0.45137  1.00960  0.47116  0.66745 
 10   | 0.1030 |  0.600 |0.1058689 |0.0074287 |  0.45733  1.02073  0.46893  0.66088 
 11   | 0.1334 |  0.858 |0.0698956 |0.0015796 |  0.45880  1.02446  0.47848  0.66532 
 12   | 0.1041 |  0.526 |0.0468820 |0.0045264 |  0.46164  1.02949  0.47784  0.66154 
 13   | 0.1351 |  1.016 |0.0366152 |-0.0000792 |  0.46232  1.03097  0.48294  0.66314 
 14   | 0.1051 |  0.459 |0.0215671 |0.0027601 |  0.46373  1.03331  0.48277  0.66091 
 15   | 0.1366 |  1.195 |0.0198158 |-0.0004573 |  0.46404  1.03386  0.48557  0.66147 
 16   | 0.1058 |  0.472 |0.0120558 |0.0014788 |  0.46476  1.03499  0.48553  0.66015 
 17   | 0.1376 |  1.182 |0.0109521 |-0.0002396 |  0.46489  1.03517  0.48709  0.66034 
 18   | 0.1062 |  0.499 |0.0070770 |0.0007811 |  0.46528  1.03574  0.48709  0.65956 
 19   | 0.1381 |  1.126 |0.0061283 |-0.0000980 |  0.46534  1.03579  0.48796  0.65962 
 20   | 0.1064 |  0.520 |0.0041299 |0.0004211 |  0.46554  1.03608  0.48796  0.65917 
 21   | 0.1384 |  1.087 |0.0034527 |-0.0000395 |  0.46557  1.03609  0.48846  0.65918 
 22   | 0.1066 |  0.534 |0.0023944 |0.0002306 |  0.46568  1.03625  0.48846  0.65892 
 23   | 0.1385 |  1.060 |0.0019526 |-0.0000158 |  0.46569  1.03624  0.48874  0.65892 
 24   | 0.1066 |  0.544 |0.0013806 |0.0001277 |  0.46576  1.03633  0.48874  0.65877 
 25   | 0.1385 |  1.042 |0.0011066 |-0.0000064 |  0.46576  1.03632  0.48890  0.65877 
 26   | 0.1066 |  0.551 |0.0007926 |0.0000713 |  0.46580  1.03637  0.48890  0.65868 
 27   | 0.1386 |  1.029 |0.0006279 |-0.0000026 |  0.46580  1.03636  0.48899  0.65868 
 28   | 0.1066 |  0.556 |0.0004537 |0.0000400 |  0.46582  1.03639  0.48899  0.65863 
 29   | 0.1386 |  1.021 |0.0003565 |-0.0000011 |  0.46582  1.03638  0.48904  0.65863 
 30   | 0.1066 |  0.559 |0.0002591 |0.0000226 |  0.46583  1.03640  0.48904  0.65860 
 31   | 0.1386 |  1.016 |0.0002025 |-0.0000004 |  0.46583  1.03640  0.48907  0.65860 
 32   | 0.1066 |  0.562 |0.0001478 |0.0000128 |  0.46584  1.03640  0.48907  0.65858 
 33   | 0.1386 |  1.012 |0.0001151 |-0.0000002 |  0.46584  1.03640  0.48909  0.65858 
 34   | 0.1066 |  0.563 |0.0000842 |0.0000072 |  0.46584  1.03641  0.48909  0.65857 

 Метод ПВР - выбор оптимального w
 w=0.10 Itr=131
 w=0.20 Itr= 68
 w=0.30 Itr= 49
 w=0.40 Itr= 38
 w=0.50 Itr= 31
 w=0.60 Itr= 25
 w=0.70 Itr= 21
 w=0.80 Itr= 18
 w=0.90 Itr= 15
 w=1.00 Itr= 12
 w=1.10 Itr= 10
 w=1.20 Itr= 11
 w=1.30 Itr= 11
 w=1.40 Itr= 13
 w=1.50 Itr= 18
 w=1.60 Itr= 23
 w=1.70 Itr= 30
 w=1.80 Itr= 48
 w=1.90 Itr= 98

 w*= 1.1000 ItrMin= 10

 Метод ПВР 
                        |   Норма  |  Оценка    |
 Itr    |  tau |  q     |  невязки |Погрешности |  x[1]    x[2]     x[3]    x[4]
  1   | 1.1000 |  0.694 |5.7648417 |0.3061388 |  0.15493  0.43439  0.69386  0.27240 
  2   | 1.1000 |  0.799 |2.5241532 |0.1393067 |  0.44777  0.98894  0.74341  0.48195 
  3   | 1.1000 |  0.197 |1.0075273 |0.4451250 |  0.51862  1.09287  0.64237  0.59137 
  4   | 1.1000 |  0.754 |0.4531271 |0.0269195 |  0.50528  1.08570  0.55986  0.63801 
  5   | 1.1000 |  0.531 |0.1729225 |0.0387210 |  0.48633  1.06321  0.51608  0.65437 
  6   | 1.1000 |  0.427 |0.0733388 |0.0251114 |  0.47442  1.04803  0.49740  0.65881 
  7   | 1.1000 |  0.399 |0.0347936 |0.0112212 |  0.46881  1.04058  0.49082  0.65941 
  8   | 1.1000 |  0.402 |0.0135532 |0.0044600 |  0.46663  1.03758  0.48902  0.65914 
  9   | 1.1000 |  0.329 |0.0042762 |0.0020099 |  0.46594  1.03660  0.48877  0.65885 
 10   | 1.1000 |  0.241 |0.0016088 |0.0007487 |  0.46579  1.03636  0.48888  0.65868 
 11   | 1.1000 |  0.491 |0.0007766 |0.0001210 |  0.46579  1.03634  0.48899  0.65860 
 12   | 1.1000 |  0.585 |0.0003077 |0.0000485 |  0.46582  1.03637  0.48906  0.65857 
 13   | 1.1000 |  0.454 |0.0001110 |0.0000373 |  0.46584  1.03639  0.48909  0.65856 
 14   | 1.1000 |  0.383 |0.0000563 |0.0000191 |  0.46584  1.03640  0.48910  0.65856 

 Метод сопряженных градиентов
                        |   Норма  |  Оценка    |
 Itr    |  tau |  q     |  невязки |Погрешности |  x[1]    x[2]     x[3]    x[4]
  1   | 0.1290 |  0.516 |7.7500000 |0.4838710 |  0.12903  0.25806  0.38710  0.51613  |          1
  2   | 0.1010 |  1.434 |3.2441976 |-0.2241148 |  0.49026  0.99831  0.41482  0.71834  | 1.70621813075518
  3   | 0.1601 |  0.059 |0.2827592 |0.6965672 |  0.44659  1.03412  0.44331  0.69678  | 1.00994621508683
  4   | 0.3227 |  1.048 |0.0848134 |-0.0021171 |  0.46585  1.03641  0.48911  0.65856  | 1.3066030374425
  5   | 0.0686 |  0.000 |0.0000000 |0.0457937 |  0.46585  1.03641  0.48911  0.65856  |          1

  Число обусловленноси  11.341
 Теоретическая оценка чила итераций
 Методы простой итерации и градиентного спуска   52
 Метод релаксации    8
