 
 Формула трапеций 0
 N  |   h    | Interral | Оценка погр.  |  k    |
   1|  1.0000|  6.5000  |
   2|  0.5000|  6.0981  |-0.133974596215562    |
   4|  0.2500|  5.995724  |-0.0341174344154016    | 1.9734 |
   8|  0.1250|  5.970016  |-0.00856944544029759    | 1.9932 |
  16|  0.0625|  5.963581  |-0.00214488449521196    | 1.9983 |
  32|  0.0313|  5.961972  |-0.000536379098513192    | 1.9996 |
  64|  0.0156|  5.961569  |-0.00013410465241126    | 1.9999 |
 128|  0.0078|  5.961469  |-3.3526780532848E-05    | 2.0000 |
 256|  0.0039|  5.961444  |-8.38173372397222E-06    | 2.0000 |
 512|  0.0020|  5.961437  |-2.09543584202739E-06    | 2.0000 |
1024|  0.0010|  5.961436  |-5.23859112533387E-07    | 2.0000 |
2048|  0.0005|  5.961435  |-1.30964788939517E-07    | 2.0000 |
4096|  0.0002|  5.961435  |-3.27411949404185E-08    | 2.0000 |
8192|  0.0001|  5.961435  |-8.18529836503027E-09    | 2.0000 |
16384|  0.0001|  5.961435  |-2.04632932820914E-09    | 2.0000 |
32768|  0.0000|  5.961435  |-5.11579815546762E-10    | 2.0000 |
 Результат 5.961435360272600
 Kobr=32769
 Формула трапеций 1
 N  |   h    | Interral | Оценка погр.  |  k    |
   1|  1.0000|  5.9507  |
   2|  0.5000|  5.9607  |0.000670387973590418    |
   4|  0.2500|  5.961392  |0.00021419960547675    | 3.9680 |
   8|  0.1250|  5.961433  |1.34630649221516E-05    | 3.9919 |
  16|  0.0625|  5.961435  |8.42631092901058E-07    | 3.9980 |
  32|  0.0313|  5.961435  |5.26830629491807E-08    | 3.9995 |
  64|  0.0156|  5.961435  |3.29298277534917E-09    | 3.9999 |
 128|  0.0078|  5.961435  |2.05815808840271E-10    | 4.0000 |
 Результат 5.961435359719860
 Kobr=129
 Формула Симпсона
 N  |   h    | Interral | Оценка погр.  |  k    |
   1|  1.0000|  5.9641  |
   2|  0.5000|  5.9616  |-0.000166342763069653    |
   4|  0.2500|  5.961446  |-1.06898230525232E-05    | 3.9598 |
   8|  0.1250|  5.961436  |-6.72836036782106E-07    | 3.9898 |
  16|  0.0625|  5.961435  |-4.21265893280065E-08    | 3.9975 |
  32|  0.0313|  5.961435  |-2.63407559468002E-09    | 3.9994 |
  64|  0.0156|  5.961435  |-1.64647910120645E-10    | 3.9998 |
 Результат 5.961435359925680
 Kobr=129
 Формула Гауса-3
 N  |   h    | Interral | Оценка погр.  |  k    |
   1|  1.0000|  5.9614  |
   2|  0.5000|  5.9614  |7.14278667253718E-08    |
   4|  0.2500|  5.961435  |1.1508649976573E-09    | 5.9557 |
   8|  0.1250|  5.961435  |1.81224206717017E-11    | 5.9888 |
 Результат 5.961435359742870
 Kobr= 45
