ИСХОДНАЯ СИСТЕМА УРАВНЕНИЙ: 
Ур. №1: sin(x+0,5)-y=1
Ур. №2: cos(y-2)+x=0

МЕТОД ПРОСТОЙ ИТЕРАЦИИ: 
Представим уравнения системы в виде f(x,y) = 0: 

Ур. №1: sin(x+0,5)-y-1=0
Ур. №2: cos(y-2)+x-0=0


Преобразуем систему к эквивалентной:
Ур. №1: y=-1*(1-sin(x+0.5))
Ур. №2: x=0-cos(y-2)

Начальное приближение: x = 0.54, y = -14
Якобиан: 

cos(x+0.5)         0
0           sin(y-2)
Подставим начальное приближение в якобиан: 

  0.287903         0
         0   0.50622

Норма якобиана: 0.50622

  1    0.9576595   -0.1375958   13.8686946       1.3120262E-01       4.2072474E-01     0.843624
  2    0.5369347   -0.0063931    0.4407079      -1.3275837E-01       1.1498317E-01     0.906618
  3    0.4219516   -0.1391515    0.1756301      -6.4066079E-02      -1.1629499E-01     0.842787
  4    0.5382466   -0.2032176    0.1327742       6.4732869E-02      -5.2852929E-02     0.806599
  5    0.5910995   -0.1384847    0.0835690       2.5619601E-02       5.3415011E-02     0.843146
  6    0.5376845   -0.1128651    0.0592413      -2.5905124E-02       2.1775153E-02     0.856643
  7    0.5159093   -0.1387703    0.0338413      -1.1269774E-02      -2.2015869E-02     0.842993
  8    0.5379252   -0.1500400    0.0247327       1.1392085E-02      -9.4659748E-03     0.836877
  9    0.5473912   -0.1386479    0.0148116       4.7701335E-03       9.5690857E-03     0.843058
 10    0.5378221   -0.1338778    0.0106921      -4.8225193E-03       4.0276045E-03     0.845614
 11    0.5337945   -0.1387003    0.0062832      -2.0533953E-03      -4.0717681E-03      0.84303
 12    0.5378662   -0.1407537    0.0045602       2.0758339E-03      -1.7299391E-03     0.841924
 13    0.5395962   -0.1386779    0.0027022       8.7762231E-04       1.7488556E-03     0.843042
 14    0.5378473   -0.1378003    0.0019567      -8.8723317E-04       7.4007974E-04     0.843514
 15    0.5371072   -0.1386875    0.0011554      -3.7625227E-04      -7.4818207E-04     0.843037
 16    0.5378554   -0.1390638    0.0008375       3.8036884E-04      -3.1715654E-04     0.842835
 17    0.5381726   -0.1386834    0.0004952       1.6109395E-04       3.2062697E-04     0.843039
 18    0.5378520   -0.1385223    0.0003588      -1.6285717E-04       1.3581551E-04     0.843126
 19    0.5377161   -0.1386851    0.0002121      -6.9011944E-05      -1.3730198E-04     0.843038
 20    0.5378534   -0.1387542    0.0001537       6.9767173E-05      -5.8178436E-05     0.843001
 21    0.5379116   -0.1386844    0.0000908       2.9557277E-05       5.8815122E-05     0.843039
Число итераций: 21
Последнее приближение: x = 0.5379116  y =    -0.1386844


МЕТОД НЬЮТОНА: 
Представим уравнения системы в виде f(x,y) = 0: 

Ур. №1: sin(x+0,5)-y-1=0
Ур. №2: cos(y-2)+x-0=0
Матрица производных имеет вид: 
cos(x+0.5)	-1
1	-sin(y-2)
  1    5.7008462    2.4749291       1.7264345E+01      -3.5571752E+00       6.5901714E+00
  2   -9.3959305  -16.1278757       2.3957817E+01       1.4623337E+01      -8.6452337E+00
  3    2.2610678  -11.5690645       1.2516724E+01       1.0940472E+01       2.7991013E+00
  4  -53.0410742   50.7177783       8.3294524E+01      -5.2479522E+01      -5.3017984E+01
  5  246.3772817 -195.7483046       3.8781037E+02       1.9571411E+02       2.4539204E+02
  6  -45.4709038   75.6310685       3.9852494E+02      -7.7466329E+01      -4.5666003E+01
  7   33.5550507   41.6174944       8.6035020E+01      -4.2135904E+01       3.3214421E+01
  8   -6.3742609   34.4754958       4.0563014E+01      -3.5077873E+01      -5.8850132E+00
  9 -130.0598653 -114.0899850       1.9331278E+02       1.1377496E+02      -1.3104879E+02
 10   -2.0553380  -93.5751020       1.2963803E+02       9.1575221E+01      -1.8142625E+00
 11  -87.8286578   -3.3257361       1.2450707E+02       2.9196673E+00      -8.7253050E+01
 12  174.1812476  210.3850470       3.3811461E+02      -2.1233338E+02       1.7468753E+02
 13 -318.3872870 -158.2283221       6.1522319E+02       1.5778171E+02      -3.1938726E+02
 14    0.2363197 -265.8352613       3.3630382E+02       2.6550683E+02      -4.6046899E-01
 15  407.6791939  301.5643791       6.9853565E+02      -3.0279026E+02       4.0723729E+02
 16  335.3076184  -71.7269485       3.8024211E+02       7.1063070E+01       3.3520731E+02
 17  198.7596972  127.9395071       2.4189260E+02      -1.2991285E+02       1.9972190E+02
 18  -22.5180811   48.7824276       2.3501000E+02      -4.9755498E+01      -2.3460347E+01
 19  -17.4242509   -6.0650536       5.5083512E+01       6.0028708E+00      -1.7633759E+01
 20    0.3846648   -6.2441857       1.7809817E+01       6.0178884E+00       4.2876496E-03
 21   -3.1273656   -2.4513402       5.1691426E+00       9.5947819E-01      -3.3854596E+00
 22   -0.7851486   -3.5311675       2.5791486E+00       2.2498674E+00      -5.4836654E-02
 23    3.8357180    3.1529752       8.1258952E+00      -5.0828695E+00       4.2414879E+00
 24   -2.8153871    0.5165612       7.1545704E+00      -2.2519265E+00      -2.7281406E+00
 25   12.4855607  -12.1043727       1.9834490E+01       1.1511393E+01       1.2518349E+01
 26   -0.0729653  -12.0641742       1.2558590E+01       1.1478348E+01      -3.7307660E-05
 27   -6.0735423   -6.0475389       8.4974599E+00       5.6991019E+00      -6.2658932E+00
 28   -5.6876193   -0.0556779       6.0042763E+00      -5.5134705E-02      -6.1537229E+00
 29   -1.2724057    1.9093385       4.8327426E+00      -3.6071988E+00      -2.7651262E-01
 30   -0.7060338   -1.2922056       3.2512554E+00       8.7626322E-02      -1.6947131E+00
 31    1.2958444    0.7549593       2.8632849E+00      -7.8017588E-01       1.6158691E+00
 32    0.1840733    0.2228787       1.2325359E+00      -5.9092355E-01      -2.0790927E-02
 33    0.5247945   -0.1039843       4.7215496E-01      -4.1408230E-02       1.6513197E-02
 34    0.5380251   -0.1385222       3.6985360E-02      -7.4997949E-05       3.0903943E-04
 35    0.5378530   -0.1386846       2.3663911E-04      -1.2756898E-08       7.0925862E-09
 36    0.5378530   -0.1386846       1.1737719E-08       0.0000000E+00      -2.2204460E-16
Число итераций: 36
Последнее приближение: x = 0.5378530  y =    -0.1386846

Оптимальный параметр lambda = 0.2900000
  1   -6.0597704   -0.2578413    0.5000000       1.3868695E+01       1.3862404E+01      -4.1765948E-01       1.9234069E+020.0000000E+00
  2    0.6943771    4.8372576    0.5000000       6.6945063E+00      -8.0210474E-02      -6.6940257E+00       4.4816414E+010.0000000E+00
  3    2.7579236   -0.1478254    0.5000000       4.9141361E+00      -4.9072707E+00      -2.5966931E-01       2.4148734E+010.0000000E+00
  4   -0.4161628   -2.9702420    0.5000000       2.4149850E+00      -9.6824340E-01       2.2123872E+00       5.8321524E+000.0000000E+00
  5   -0.9629895   -2.4197781    0.1450000       2.0602936E+00       2.0539810E+00      -1.6115769E-01       4.2448097E+001.0000000E+00
  6   -0.8525744   -2.4850558    0.1450000       1.5852873E+00       9.7315329E-01      -1.2514425E+00       2.5131358E+001.0000000E+00
  7   -0.8442516   -2.3955347    0.5000000       1.5687559E+00       1.1397408E+00      -1.0779545E+00       2.4609951E+000.0000000E+00
  8   -0.7978907   -2.4072076    0.1450000       1.5669710E+00       1.0580424E+00      -1.1558306E+00       2.4553981E+001.0000000E+00
  9   -0.7641869   -2.3411090    0.5000000       1.5642003E+00       1.1137031E+00      -1.0983569E+00       2.4467225E+000.0000000E+00
 10   -0.6797060   -2.3113306    0.5000000       1.5609245E+00       1.0799845E+00      -1.1269954E+00       2.4364852E+000.0000000E+00
 11   -0.6925392   -2.2685831    0.1450000       1.5581632E+00       1.1325903E+00      -1.0700990E+00       2.4278725E+001.0000000E+00
 12   -0.6279458   -2.2045838    0.5000000       1.5553551E+00       1.0772312E+00      -1.1219190E+00       2.4191294E+000.0000000E+00
 13   -0.5819231   -2.1012060    0.5000000       1.5496310E+00       1.0769868E+00      -1.1142064E+00       2.4013564E+000.0000000E+00
 14   -0.4421191   -2.0283638    0.5000000       1.5410727E+00       1.0193746E+00      -1.1557597E+00       2.3749051E+000.0000000E+00
 15   -0.4524755   -1.7745681    0.5000000       1.5275512E+00       1.0862123E+00      -1.0740369E+00       2.3334126E+000.0000000E+00
 16   -0.0148755   -1.6971003    0.5000000       1.5034126E+00       8.2207466E-01      -1.2587465E+00       2.2602495E+000.0000000E+00
 17   -0.1795471   -0.9896013    0.5000000       1.4494544E+00       1.1634188E+00      -8.6450832E-01       2.1009179E+000.0000000E+00
 18    0.6993800   -0.5081575    0.5000000       1.2070821E+00       3.0459773E-01      -1.1680186E+00       1.4570472E+000.0000000E+00
 19    0.6463176   -0.0050762    0.5000000       4.5270603E-01       4.3997176E-01      -1.0661895E-01       2.0494275E-010.0000000E+00
 20    0.4552165   -0.2933688    0.5000000       2.4057885E-01      -8.3670287E-02       2.2556034E-01       5.7878183E-020.0000000E+00
 21    0.5979101   -0.0289642    0.5000000       2.3352710E-01       1.0980755E-01      -2.0610000E-01       5.4534907E-020.0000000E+00
 22    0.4790968   -0.2492986    0.5000000       1.7532222E-01      -8.0778378E-02       1.5560441E-01       3.0737880E-020.0000000E+00
 23    0.5834005   -0.0543727    0.5000000       1.6837087E-01       7.9292548E-02      -1.4853094E-01       2.8348749E-020.0000000E+00
 24    0.4940183   -0.2213146    0.5000000       1.3373035E-01      -6.2071809E-02       1.1845209E-01       1.7883808E-020.0000000E+00
 25    0.5731310   -0.0729835    0.5000000       1.2647168E-01       5.9538670E-02      -1.1158061E-01       1.5995086E-020.0000000E+00
 26    0.5044092   -0.2017549    0.5000000       1.0372766E-01      -4.8317096E-02       9.1787177E-02       1.0759428E-020.0000000E+00
 27    0.5654507   -0.0871089    0.5000000       9.6908748E-02       4.5600022E-02      -8.5509903E-02       9.3913055E-030.0000000E+00
 28    0.5120167   -0.1874107    0.5000000       8.1158438E-02      -3.7883907E-02       7.1773962E-02       6.5866920E-030.0000000E+00
 29    0.5595549   -0.0980399    0.5000000       7.5082470E-02       3.5313429E-02      -6.6259634E-02       5.6373773E-030.0000000E+00
 30    0.5177441   -0.1766044    0.5000000       6.3800596E-02      -2.9822272E-02       5.6401668E-02       4.0705160E-030.0000000E+00
 31    0.5549656   -0.1065897    0.5000000       5.8557265E-02       2.7529552E-02      -5.1682464E-02       3.4289533E-030.0000000E+00
 32    0.5221283   -0.1683310    0.5000000       5.0285548E-02      -2.3527075E-02       4.4442244E-02       2.5286363E-030.0000000E+00
 33    0.5513661   -0.1133160    0.5000000       4.5857337E-02       2.1550974E-02      -4.0477782E-02       2.1028953E-030.0000000E+00
 34    0.5255193   -0.1619327    0.5000000       3.9689147E-02      -1.8581800E-02       3.5070574E-02       1.5752284E-030.0000000E+00
 35    0.5485312   -0.1186245    0.5000000       3.6006738E-02       1.6916283E-02      -3.1785603E-02       1.2964852E-030.0000000E+00
 36    0.5281595   -0.1569520    0.5000000       3.1348473E-02      -1.4684028E-02       2.7696680E-02       9.8272676E-040.0000000E+00
 37    0.5462934   -0.1228206    0.5000000       2.8321295E-02       1.3302074E-02      -2.5003011E-02       8.0209572E-040.0000000E+00
 38    0.5302242   -0.1530583    0.5000000       2.4769094E-02      -1.1606394E-02       2.1881490E-02       6.1350800E-040.0000000E+00
 39    0.5445251   -0.1261398    0.5000000       2.2302254E-02       1.0472728E-02      -1.9690416E-02       4.9739051E-040.0000000E+00
 40    0.5318435   -0.1500055    0.5000000       1.9573110E-02      -9.1741638E-03       1.7289920E-02       3.8310662E-040.0000000E+00
 41    0.5431270   -0.1287658    0.5000000       1.7576424E-02       8.2520828E-03      -1.5518821E-02       3.0893067E-040.0000000E+00
 42    0.5331159   -0.1476072    0.5000000       1.5467335E-02      -7.2512555E-03       1.3662275E-02       2.3923847E-040.0000000E+00
 43    0.5420215   -0.1308434    0.5000000       1.3859671E-02       6.5061266E-03      -1.2237680E-02       1.9209048E-040.0000000E+00
 44    0.5341171   -0.1457204    0.5000000       1.2222275E-02      -5.7308586E-03       1.0795429E-02       1.4938402E-040.0000000E+00
 45    0.5411473   -0.1324868    0.5000000       1.0933151E-02       5.1317278E-03      -9.6539714E-03       1.1953379E-040.0000000E+00
 46    0.5349057   -0.1442347    0.5000000       9.6573659E-03      -4.5287708E-03       8.5296513E-03       9.3264716E-050.0000000E+00
 47    0.5404562   -0.1337865    0.5000000       8.6269981E-03       4.0488965E-03      -7.6178431E-03       7.4425096E-050.0000000E+00
 48    0.5355273   -0.1430638    0.5000000       7.6301377E-03      -3.5784585E-03       6.7389640E-03       5.8219001E-050.0000000E+00
 49    0.5399098   -0.1348141    0.5000000       6.8086767E-03       3.1952628E-03      -6.0123517E-03       4.6358078E-050.0000000E+00
 50    0.5360175   -0.1421407    0.5000000       6.0280142E-03      -2.8272913E-03       5.3238500E-03       3.6336955E-050.0000000E+00
 51    0.5394780   -0.1356265    0.5000000       5.3744126E-03       2.5220195E-03      -4.7459171E-03       2.8884311E-050.0000000E+00
 52    0.5364041   -0.1414125    0.5000000       4.7619783E-03      -2.2336198E-03       4.2056367E-03       2.2676438E-050.0000000E+00
 53    0.5391368   -0.1362686    0.5000000       4.2427548E-03       1.9908764E-03      -3.7466491E-03       1.8000968E-050.0000000E+00
 54    0.5367092   -0.1408381    0.5000000       3.7616260E-03      -1.7644829E-03       3.3221123E-03       1.4149830E-050.0000000E+00
 55    0.5388671   -0.1367760    0.5000000       3.3496654E-03       1.5717412E-03      -2.9580210E-03       1.1220258E-050.0000000E+00
 56    0.5369499   -0.1403847    0.5000000       2.9712739E-03      -1.3937992E-03       2.6240793E-03       8.8284683E-060.0000000E+00
 57    0.5386540   -0.1371770    0.5000000       2.6447381E-03       1.2409348E-03      -2.3355343E-03       6.9946397E-060.0000000E+00
 58    0.5371400   -0.1400269    0.5000000       2.3468870E-03      -1.1009359E-03       2.0726357E-03       5.5078788E-060.0000000E+00
 59    0.5384857   -0.1374938    0.5000000       2.0882627E-03       9.7980771E-04      -1.8441307E-03       4.3608411E-060.0000000E+00
 60    0.5372900   -0.1397445    0.5000000       1.8536480E-03      -8.6957455E-04       1.6370251E-03       3.4360109E-060.0000000E+00
 61    0.5383527   -0.1377440    0.5000000       1.6489364E-03       7.7366196E-04      -1.4561725E-03       2.7189912E-060.0000000E+00
 62    0.5374084   -0.1395215    0.5000000       1.4640322E-03      -6.8681189E-04       1.2929345E-03       2.1433902E-060.0000000E+00
 63    0.5382477   -0.1379417    0.5000000       1.3020728E-03       6.1090825E-04      -1.1498629E-03       1.6953936E-060.0000000E+00
 64    0.5375020   -0.1393454    0.5000000       1.1562839E-03      -5.4244746E-04       1.0211480E-03       1.3369925E-060.0000000E+00
 65    0.5381647   -0.1380979    0.5000000       1.0281972E-03       4.8240510E-04      -9.0800597E-04       1.0571895E-060.0000000E+00
 66    0.5375758   -0.1392064    0.5000000       9.1321015E-04      -4.2841894E-04       8.0647999E-04       8.3395277E-070.0000000E+00
 67    0.5380992   -0.1382212    0.5000000       8.1194237E-04       3.8093995E-04      -7.1703219E-04       6.5925041E-070.0000000E+00
 68    0.5376341   -0.1390967    0.5000000       7.2122516E-04      -3.3835496E-04       6.3693144E-04       5.2016573E-070.0000000E+00
 69    0.5380474   -0.1383186    0.5000000       6.4117995E-04       3.0082087E-04      -5.6623187E-04       4.1111173E-070.0000000E+00
 70    0.5376801   -0.1390100    0.5000000       5.6959496E-04      -2.6722111E-04       5.0302217E-04       3.2443842E-070.0000000E+00
 71    0.5380066   -0.1383956    0.5000000       5.0633660E-04       2.3755532E-04      -4.4715123E-04       2.5637675E-070.0000000E+00
 72    0.5377165   -0.1389416    0.5000000       4.4983944E-04      -2.1103985E-04       3.9726276E-04       2.0235552E-070.0000000E+00
 73    0.5379743   -0.1384563    0.5000000       3.9985485E-04       1.8759694E-04      -3.5311653E-04       1.5988390E-070.0000000E+00
 74    0.5377452   -0.1388875    0.5000000       3.5525961E-04      -1.6666892E-04       3.1373693E-04       1.2620939E-070.0000000E+00
 75    0.5379488   -0.1385043    0.5000000       3.1576812E-04       1.4814604E-04      -2.7885884E-04       9.9709503E-080.0000000E+00
 76    0.5377679   -0.1388449    0.5000000       2.8056384E-04      -1.3162607E-04       2.4777135E-04       7.8716066E-080.0000000E+00
 77    0.5379286   -0.1385422    0.5000000       2.4936554E-04       1.1699220E-04      -2.2021807E-04       6.2183174E-080.0000000E+00
 78    0.5377858   -0.1388112    0.5000000       2.2157237E-04      -1.0395060E-04       1.9567470E-04       4.9094316E-080.0000000E+00
 79    0.5379127   -0.1385722    0.5000000       1.9692751E-04       9.2390188E-05      -1.7390945E-04       3.8780443E-080.0000000E+00
 80    0.5377999   -0.1387846    0.5000000       1.7498386E-04      -8.2093781E-05       1.5453142E-04       3.0619350E-080.0000000E+00
 81    0.5379002   -0.1385958    0.5000000       1.5551695E-04       7.2961943E-05      -1.3733927E-04       2.4185521E-080.0000000E+00
 82    0.5378111   -0.1387635    0.5000000       1.3819080E-04      -6.4832405E-05       1.2203875E-04       1.9096698E-080.0000000E+00
 83    0.5378903   -0.1386145    0.5000000       1.2281465E-04       5.7619330E-05      -1.0845944E-04       1.5083438E-080.0000000E+00
 84    0.5378199   -0.1387469    0.5000000       1.0913381E-04      -5.1200345E-05       9.6377975E-05       1.1910189E-080.0000000E+00
 85    0.5378824   -0.1386292    0.5000000       9.6989222E-05       4.5503103E-05      -8.5652652E-05       9.4069092E-090.0000000E+00
 86    0.5378268   -0.1387338    0.5000000       8.6186405E-05      -4.0434564E-05       7.6112696E-05       7.4280965E-090.0000000E+00
 87    0.5378762   -0.1386409    0.5000000       7.6594480E-05       3.5934749E-05      -6.7641764E-05       5.8667144E-090.0000000E+00
 88    0.5378323   -0.1387235    0.5000000       6.8064020E-05      -3.1932428E-05       6.0108493E-05       4.6327109E-090.0000000E+00
Число итераций: 88
Последнее приближение: x = 0.5378323  y =    -0.1387235
